 1 -5 6
 1 -7 12
 1 -8 15
 1 -11 28
 1 -10 21
 1 -9 20
 1 -6 9
 1 -12 35
 1 -13 36
 1 -14 48
 1 5 6
 1 7 12
 1 8 15
 1 9 20
 1 10 21
 1 11 28
 1 12 35
 1 13 36
 1 14 48
 1 15 56
 1 -1 -6
 1 1 -12
 1 -4 -5
 1 2 -8
 1 -5 -6
 1 3 -10
 1 -2 -8
 1 4 -5
 1 -7 -12
 1 6 -7
 1 -1 -6
1 1 -12
1 -4 -5
1 2 -8
1 -5 -6
1 3 -10
1 -2 -8
1 4 -5
1 -7 -12
1 6 -7
1 -1 -30
1 5 -14
1 -8 -20
1 3 -15
1 -3 -6
1 4 -12
1 -6 -18
1 7 -21
1 -9 -28
1 2 -8
1 1 -6
1 -1 -12
1 4 -5
1 -2 -8
1 5 -6
1 -3 -10
1 2 -8
1 -4 -5
1 7 -12
1 -6 -7
1 2 -30
1 -5 -14
1 8 -20
1 -3 -15
1 6 -18
1 -7 -21
1 9 -28
1 -4 -12
1 10 -24
1 -6 -20
1 -5 6
1 -7 12
1 -8 15
1 -9 20
1 -10 21
1 -11 28
1 -12 35
1 -13 36
1 -14 48
1 -15 56
1 -16 63
1 -17 72
1 -18 80
1 -19 90
1 -20 99
1 -21 110
1 -22 120
1 -23 132
1 -24 144
1 -25 156
1 5 6
1 7 12
1 8 15
1 9 20
1 10 21
1 11 28
1 12 35
1 13 36
1 14 48
1 15 56
1 16 63
1 17 72
1 18 80
1 19 90
1 20 99
1 21 110
1 22 120
1 23 132
1 24 144
1 25 156