3 2
4 3
5 3
7 4
7 3
5 4
3 3
7 5
9 4
8 6
-2 -3
-3 -4
-3 -5
-4 -5
-3 -7
-4 -7
-5 -7
-4 -9
-6 -8
-7 -8
3 -2
3 -4
5 -1
2 -4
6 -1
2 -5
4 -2
1 -5
8 -1
1 -7
3 -2
3 -4
5 -1
2 -4
6 -1
2 -5
4 -2
1 -5
8 -1
1 -7
5 -6
2 -7
10 -2
5 -3
4 -1
6 -2
9 -3
4 -7
7 -4
4 -2
-3 2
-3 4
-5 1
-2 4
-6 1
-2 5
-4 2
-1 5
-8 1
-1 7
-5 6
-2 7
-10 2
-5 3
-9 3
-4 7
-7 4
-6 2
-12 2
-8 2
3 2
4 3
5 3
5 4
7 3
7 4
7 5
9 4
8 6
8 7
9 7
9 8
10 8
10 9
11 9
11 10
12 10
12 11
12 12
13 12
-2 -3
-3 -4
-3 -5
-4 -5
-3 -7
-4 -7
-5 -7
-4 -9
-6 -8
-7 -8
-7 -9
-8 -9
-8 -10
-9 -10
-9 -11
-10 -11
-10 -12
-11 -12
-12 -12
-12 -13